8.640670000000000000e+05 1.000000000000000000e+00
8.745475050000000047e+05 1.000000000000000000e+00
8.850280100000000093e+05 0.000000000000000000e+00
8.955085150000000140e+05 0.000000000000000000e+00
9.059890200000000186e+05 1.000000000000000000e+00
9.164695250000000233e+05 3.000000000000000000e+00
9.269500300000000279e+05 1.000000000000000000e+00
9.374305350000000326e+05 5.000000000000000000e+00
9.479110400000000373e+05 4.000000000000000000e+00
9.583915450000000419e+05 1.000000000000000000e+01
9.688720500000000466e+05 8.000000000000000000e+00
9.793525549999999348e+05 1.200000000000000000e+01
9.898330600000000559e+05 1.500000000000000000e+01
1.000313564999999944e+06 1.800000000000000000e+01
1.010794069999999949e+06 2.200000000000000000e+01
1.021274574999999953e+06 2.300000000000000000e+01
1.031755079999999958e+06 3.500000000000000000e+01
1.042235584999999963e+06 4.900000000000000000e+01
1.052716090000000084e+06 6.300000000000000000e+01
1.063196594999999972e+06 6.300000000000000000e+01
1.073677100000000093e+06 7.000000000000000000e+01
1.084157604999999981e+06 9.900000000000000000e+01
1.094638109999999870e+06 1.240000000000000000e+02
1.105118614999999991e+06 1.540000000000000000e+02
1.115599120000000112e+06 1.930000000000000000e+02
1.126079625000000000e+06 1.830000000000000000e+02
1.136560129999999888e+06 2.040000000000000000e+02
1.147040635000000009e+06 2.170000000000000000e+02
1.157521139999999898e+06 2.430000000000000000e+02
1.168001645000000019e+06 2.400000000000000000e+02
1.178482149999999907e+06 2.830000000000000000e+02
1.188962655000000028e+06 3.230000000000000000e+02
1.199443159999999916e+06 3.470000000000000000e+02
1.209923665000000037e+06 3.850000000000000000e+02
1.220404169999999925e+06 4.210000000000000000e+02
1.230884675000000047e+06 4.990000000000000000e+02
1.241365179999999935e+06 5.470000000000000000e+02
1.251845685000000056e+06 7.020000000000000000e+02
1.262326189999999944e+06 8.240000000000000000e+02
1.272806694999999832e+06 9.190000000000000000e+02
1.283287199999999953e+06 1.064000000000000000e+03
1.293767705000000075e+06 1.058000000000000000e+03
1.304248209999999963e+06 1.230000000000000000e+03
1.314728714999999851e+06 1.267000000000000000e+03
1.325209219999999972e+06 1.269000000000000000e+03
1.335689725000000093e+06 1.269000000000000000e+03
1.346170229999999981e+06 1.219000000000000000e+03
1.356650734999999870e+06 1.059000000000000000e+03
1.367131239999999991e+06 1.086000000000000000e+03
1.377611744999999879e+06 9.150000000000000000e+02
1.388092250000000000e+06 8.510000000000000000e+02
1.398572754999999888e+06 8.490000000000000000e+02
1.409053260000000009e+06 7.530000000000000000e+02
1.419533765000000130e+06 6.410000000000000000e+02
1.430014270000000019e+06 6.030000000000000000e+02
1.440494774999999907e+06 5.080000000000000000e+02
1.450975279999999795e+06 5.000000000000000000e+02
1.461455784999999916e+06 4.590000000000000000e+02
1.471936290000000037e+06 4.440000000000000000e+02
1.482416794999999925e+06 4.520000000000000000e+02
1.492897299999999814e+06 4.700000000000000000e+02
1.503377804999999935e+06 4.940000000000000000e+02
1.513858310000000056e+06 5.510000000000000000e+02
1.524338814999999944e+06 5.710000000000000000e+02
1.534819319999999832e+06 5.710000000000000000e+02
1.545299824999999953e+06 6.500000000000000000e+02
1.555780330000000075e+06 6.890000000000000000e+02
1.566260834999999963e+06 7.270000000000000000e+02
1.576741339999999851e+06 7.690000000000000000e+02
1.587221844999999972e+06 8.080000000000000000e+02
1.597702350000000093e+06 9.010000000000000000e+02
1.608182854999999981e+06 8.720000000000000000e+02
1.618663359999999870e+06 9.000000000000000000e+02
1.629143864999999991e+06 8.380000000000000000e+02
1.639624370000000112e+06 8.350000000000000000e+02
1.650104875000000000e+06 8.000000000000000000e+02
1.660585379999999888e+06 7.730000000000000000e+02
1.671065884999999776e+06 7.240000000000000000e+02
1.681546389999999898e+06 6.380000000000000000e+02
1.692026895000000019e+06 6.550000000000000000e+02
1.702507399999999907e+06 6.050000000000000000e+02
1.712987904999999795e+06 5.530000000000000000e+02
1.723468409999999916e+06 4.760000000000000000e+02
1.733948915000000037e+06 4.440000000000000000e+02
1.744429419999999925e+06 4.440000000000000000e+02
1.754909924999999814e+06 3.700000000000000000e+02
1.765390429999999935e+06 3.540000000000000000e+02
1.775870935000000056e+06 4.230000000000000000e+02
1.786351439999999944e+06 3.710000000000000000e+02
1.796831944999999832e+06 3.790000000000000000e+02
1.807312449999999953e+06 4.060000000000000000e+02
1.817792955000000075e+06 4.040000000000000000e+02
1.828273459999999963e+06 4.220000000000000000e+02
1.838753964999999851e+06 4.160000000000000000e+02
1.849234469999999972e+06 4.130000000000000000e+02
1.859714975000000093e+06 4.450000000000000000e+02
1.870195479999999981e+06 4.050000000000000000e+02
1.880675984999999870e+06 4.110000000000000000e+02
1.891156489999999758e+06 4.140000000000000000e+02
1.901636994999999879e+06 3.680000000000000000e+02
1.912117500000000000e+06 3.810000000000000000e+02
1.922598004999999888e+06 3.610000000000000000e+02
1.933078510000000009e+06 3.100000000000000000e+02
1.943559014999999898e+06 2.950000000000000000e+02
1.954039520000000019e+06 2.650000000000000000e+02
1.964520024999999907e+06 2.250000000000000000e+02
1.975000530000000028e+06 1.850000000000000000e+02
1.985481034999999916e+06 1.810000000000000000e+02
1.995961539999999804e+06 1.530000000000000000e+02
2.006442044999999925e+06 1.360000000000000000e+02
2.016922549999999814e+06 1.340000000000000000e+02
2.027403054999999935e+06 1.110000000000000000e+02
2.037883559999999823e+06 1.040000000000000000e+02
2.048364064999999944e+06 1.120000000000000000e+02
2.058844569999999832e+06 8.900000000000000000e+01
2.069325074999999953e+06 9.400000000000000000e+01
2.079805579999999842e+06 1.040000000000000000e+02
2.090286084999999963e+06 9.500000000000000000e+01
2.100766589999999851e+06 1.010000000000000000e+02
2.111247094999999739e+06 8.300000000000000000e+01
2.121727599999999627e+06 9.200000000000000000e+01
2.132208104999999981e+06 9.400000000000000000e+01
2.142688609999999870e+06 1.080000000000000000e+02
2.153169115000000224e+06 8.000000000000000000e+01
2.163649620000000112e+06 8.100000000000000000e+01
2.174130125000000000e+06 7.700000000000000000e+01
2.184610629999999888e+06 7.800000000000000000e+01
2.195091134999999776e+06 8.300000000000000000e+01
2.205571639999999665e+06 8.300000000000000000e+01
2.216052144999999553e+06 6.400000000000000000e+01
2.226532649999999907e+06 5.300000000000000000e+01
2.237013154999999795e+06 4.900000000000000000e+01
2.247493660000000149e+06 3.800000000000000000e+01
2.257974165000000037e+06 5.900000000000000000e+01
2.268454669999999925e+06 3.800000000000000000e+01
2.278935174999999814e+06 3.100000000000000000e+01
2.289415679999999702e+06 1.300000000000000000e+01
2.299896184999999590e+06 1.000000000000000000e+01
2.310376689999999944e+06 1.100000000000000000e+01
2.320857194999999832e+06 8.000000000000000000e+00
2.331337700000000186e+06 1.000000000000000000e+01
2.341818205000000075e+06 6.000000000000000000e+00
2.352298709999999963e+06 7.000000000000000000e+00
2.362779214999999851e+06 6.000000000000000000e+00
2.373259719999999739e+06 2.000000000000000000e+00
2.383740224999999627e+06 8.000000000000000000e+00
2.394220729999999981e+06 1.000000000000000000e+01
2.404701234999999870e+06 9.000000000000000000e+00
2.415181740000000224e+06 4.000000000000000000e+00
2.425662245000000112e+06 1.300000000000000000e+01
2.436142750000000000e+06 1.200000000000000000e+01
2.446623254999999888e+06 6.000000000000000000e+00
2.457103759999999776e+06 3.000000000000000000e+00
2.467584264999999665e+06 9.000000000000000000e+00
2.478064769999999553e+06 1.300000000000000000e+01
2.488545274999999907e+06 9.000000000000000000e+00
2.499025779999999795e+06 1.400000000000000000e+01
2.509506285000000149e+06 5.000000000000000000e+00
2.519986790000000037e+06 5.000000000000000000e+00
2.530467294999999925e+06 8.000000000000000000e+00
2.540947799999999814e+06 5.000000000000000000e+00
2.551428304999999702e+06 6.000000000000000000e+00
2.561908809999999590e+06 3.000000000000000000e+00
2.572389314999999944e+06 6.000000000000000000e+00
2.582869819999999832e+06 0.000000000000000000e+00
2.593350325000000186e+06 1.000000000000000000e+00
2.603830830000000075e+06 4.000000000000000000e+00
2.614311334999999963e+06 1.000000000000000000e+00
2.624791839999999851e+06 0.000000000000000000e+00
2.635272344999999739e+06 1.000000000000000000e+00
2.645752849999999627e+06 0.000000000000000000e+00
2.656233354999999516e+06 0.000000000000000000e+00
2.666713859999999870e+06 0.000000000000000000e+00
2.677194364999999758e+06 0.000000000000000000e+00
2.687674870000000112e+06 0.000000000000000000e+00
2.698155375000000000e+06 0.000000000000000000e+00
2.708635879999999888e+06 0.000000000000000000e+00
2.719116384999999776e+06 1.000000000000000000e+00
2.729596889999999665e+06 0.000000000000000000e+00
2.740077394999999553e+06 3.000000000000000000e+00
2.750557899999999907e+06 0.000000000000000000e+00
2.761038404999999795e+06 0.000000000000000000e+00
2.771518910000000149e+06 0.000000000000000000e+00
2.781999415000000037e+06 0.000000000000000000e+00
2.792479919999999925e+06 0.000000000000000000e+00
2.802960424999999814e+06 0.000000000000000000e+00
2.813440929999999702e+06 0.000000000000000000e+00
2.823921434999999590e+06 0.000000000000000000e+00
2.834401939999999944e+06 0.000000000000000000e+00
2.844882444999999832e+06 0.000000000000000000e+00
2.855362950000000186e+06 0.000000000000000000e+00
2.865843455000000075e+06 0.000000000000000000e+00
2.876323959999999963e+06 0.000000000000000000e+00
2.886804464999999851e+06 0.000000000000000000e+00
2.897284969999999739e+06 0.000000000000000000e+00
2.907765474999999627e+06 0.000000000000000000e+00
2.918245979999999516e+06 0.000000000000000000e+00
2.928726484999999870e+06 2.000000000000000000e+00
2.939206989999999758e+06 0.000000000000000000e+00
2.949687495000000112e+06 1.000000000000000000e+00
2.960168000000000000e+06 0.000000000000000000e+00
